100 559.757 16.1085 1521.11 15.4038
105 448.456 15.9732 1233.18 15.4059
110 361.917 16.1134 1013.76 15.4088
115 293.281 15.9763 832.656 15.1503
120 240.077 15.9212 689.799 15.044
125 197.122 15.7303 574.981 14.9895
130 163.376 15.8101 481.397 14.8906
135 135.791 15.8086 405.159 14.8952
140 113.319 15.7234 342.865 14.9119
145 95.0292 15.649 291.752 14.8022
150 80.268 15.5946 249.409 14.7477
155 68.0456 15.5232 214.221 14.5928
160 58.01 15.3899 184.623 14.5821
165 49.6639 15.3711 159.614 14.7859
170 42.6441 15.3017 139.252 14.547
175 36.7994 15.1749 121.416 14.6341
180 31.8695 15.2449 106.194 14.2033
185 27.7028 15.063 93.3347 14.4893
190 24.1585 15.16 82.2541 14.4677
195 21.1597 14.9422 72.7397 14.4452
200 18.5245 14.9147 64.5085 14.4098
205 16.2439 15.117 57.2279 14.4191
210 14.3201 14.8495 50.9226 14.2457
215 12.6497 14.8689 45.3761 14.344
220 11.1808 14.9108 40.5941 14.2634
225 9.90959 14.9662 36.3818 14.2189
230 8.78125 14.796 32.6679 14.1592
235 7.81646 14.7983 29.3155 14.2233
240 6.96892 14.7878 26.4761 14.1723
245 6.22701 14.7897 23.8853 13.9482
250 5.57596 14.7529 21.5949 14.0595
255 5.00108 14.729 19.5614 13.8755
260 4.48773 14.6782 17.6836 13.9505
265 4.03416 14.7964 16.112 13.9531
270 3.63085 14.6565 14.6459 13.9278
275 3.2781 14.7341 13.3231 14.2549
280 2.95613 14.7816 12.1575 14.1584
285 2.67442 14.7661 11.0925 14.0904
290 2.42299 14.6805 10.1363 13.8967
295 2.19684 14.8465 9.29002 13.9107
300 1.99608 14.6905 8.51615 13.9223
305 1.81486 14.4434 7.81428 13.8996
310 1.64956 14.4769 7.17876 13.9357
315 1.50385 14.4549 6.60266 13.9256
320 1.3733 14.7503 6.08444 13.7957
325 1.25277 14.2875 5.60471 13.8144
330 1.14277 14.578 5.17188 13.6954
335 1.04713 14.3659 4.77871 13.7554
340 0.959617 14.3896 4.41629 13.7945
345 0.879793 14.3881 4.08881 13.7075
350 0.807323 14.3597 3.78661 13.6877
355 0.74141 14.368 3.50911 13.8089
360 0.681346 14.3357 3.25619 13.8002
365 0.626913 14.3627 3.02472 13.7093
370 0.576882 14.2712 2.8077 13.8064
375 0.531443 14.266 2.61162 13.8477
380 0.489973 14.3962 2.43031 13.6999
385 0.452072 14.2234 2.26365 13.728
390 0.4176 14.3166 2.10786 13.732
395 0.385775 14.3112 1.9665 13.4737
400 0.35683 14.2848 1.83537 13.6985
405 0.329881 14.2072 1.70927 13.7114
410 0.305512 14.2648 1.60378 13.5468
415 0.283519 14.102 1.49798 13.4453
420 0.262683 14.3075 1.39688 13.6719
425 0.243755 14.0504 1.31169 13.5013
430 0.226367 14.0494 1.22589 13.3237
435 0.209966 14.0334 1.14553 13.5478
440 0.195812 14.0772 1.07484 13.7238
445 0.181783 14.1771 1.01019 13.4187
450 0.169668 14.2368 0.948333 13.4559
455 0.158567 14.2609 0.890847 13.4587
460 0.147492 14.4105 0.836762 13.4468
465 0.137392 14.4772 0.787221 13.4149
470 0.128326 14.5144 0.740549 13.4127
475 0.119275 14.6664 0.697075 13.3926
480 0.112241 14.6307 0.655954 13.4392
485 0.104155 14.7581 0.618562 13.3705
490 0.0977878 14.7977 0.582467 13.3914
495 0.091451 14.8963 0.549524 13.3691
500 0.0855847 14.9611 0.51848 13.3797
505 0.0801322 15.0389 0.489324 13.3608
510 0.0751004 15.1402 0.462439 13.3046
515 0.0703432 15.2139 0.436832 13.3703
520 0.0660189 15.3368 0.412828 13.272
525 0.0618641 15.4135 0.390303 13.3443
530 0.0580348 15.4422 0.368755 13.3769
535 0.0545113 15.5446 0.348705 13.2706
540 0.0511747 15.6283 0.330157 13.2981
545 0.0481537 15.726 0.312672 13.277
550 0.0452067 15.8177 0.296128 13.2687
555 0.0424781 15.9022 0.280734 13.2363
560 0.0399591 16.0067 0.266138 13.193
565 0.0376398 16.0367 0.251557 13.1731
570 0.0354242 16.137 0.238537 13.3409
575 0.0333988 16.2132 0.226118 13.2741
580 0.0313654 16.3135 0.214557 13.1697
585 0.0295471 16.4264 0.203566 13.3257
590 0.0279395 16.4546 0.193079 13.2037
595 0.0263263 16.567 0.183604 13.0973
600 0.0248009 16.6406 0.174599 13.2074
605 0.0233806 16.7295 0.166131 13.0154
610 0.0220672 16.8447 0.158242 13.142
615 0.0208461 16.9276 0.150275 13.285
620 0.0196331 17.0459 0.142787 13.0642
625 0.0185257 17.0835 0.136372 12.7962
630 0.0175075 17.1478 0.129886 13.2957
635 0.0164955 17.2753 0.123402 13.016
640 0.0155809 17.3814 0.11795 12.7132
645 0.0147721 17.4885 0.112008 12.808
650 0.0139566 17.56 0.107045 12.9232
655 0.0132456 17.6129 0.102081 13.0012
660 0.0125393 17.7363 0.09725 12.9038
665 0.0118287 17.7959 0.0927515 12.9548
670 0.0112223 17.8974 0.0885084 13.0218
675 0.0106123 17.9891 0.0844877 13.0703
680 0.0100516 18.0618 0.0806192 13.1131
685 0.0095256 18.1714 0.0769099 13.1517
690 0.0090306 18.2108 0.0734901 13.2344
695 0.00856339 18.3365 0.0701805 13.2716
700 0.0081141 18.4146 0.0670476 13.3429
705 0.00769525 18.4937 0.0641426 13.363
710 0.00730084 18.6195 0.0612942 13.3941
715 0.00692243 18.7005 0.0585678 13.4663
720 0.00656729 18.819 0.0560753 13.4984
725 0.00623244 18.8796 0.0536438 13.5804
730 0.00591771 18.996 0.0513219 13.5682
735 0.00561049 19.0787 0.0491001 13.6268
740 0.00532605 19.1995 0.0470801 13.6895
745 0.00506044 19.2916 0.045061 13.6816
750 0.00480639 19.4088 0.0431418 13.7455
755 0.00455979 19.508 0.0413447 13.7833
760 0.00433688 19.632 0.0396264 13.8518
765 0.00412174 19.7141 0.0379036 13.8537
770 0.00391839 19.8299 0.0363856 13.9334
775 0.00372717 19.9097 0.0348796 13.9597
780 0.00354211 20.0016 0.0334669 14.0267
785 0.00336904 20.123 0.0320548 14.0406
790 0.00320476 20.2271 0.0307373 14.115
795 0.00304935 20.4479 0.0295348 14.1397
800 0.00289588 20.516 0.0283338 14.171
805 0.00275424 20.5444 0.0272206 14.241
810 0.0026184 20.8204 0.0261233 14.2891
815 0.00249291 21.0063 0.0251107 14.3632
820 0.00237168 21.0865 0.0241099 14.3805
825 0.00226163 21.0511 0.0230866 14.4428
830 0.00214607 21.3705 0.0221834 14.4791
835 0.00204589 21.3026 0.0213766 14.5511
840 0.00195172 21.6053 0.0204715 14.6131
845 0.0018573 21.8177 0.0197653 14.6602
850 0.00176742 21.836 0.0189612 14.702
855 0.00168383 22.1411 0.0182516 14.7648
860 0.00160403 22.0506 0.0175509 14.7944
865 0.00153063 22.3461 0.0168336 14.8528
870 0.00145772 22.6206 0.0162314 14.8772
875 0.0013878 22.5422 0.015625 14.9567
880 0.00132077 23.2161 0.0150143 15.0389
885 0.00126234 23.1283 0.0144112 15.0614
890 0.00120568 23.8404 0.0138979 15.1
895 0.00114627 23.7327 0.0133962 15.1325
900 0.00109501 23.9439 0.0128895 15.2026
905 0.001044 24.1049 0.0123843 15.2968
910 0.000996193 24.2789 0.0119837 15.3089
915 0.00095071 24.5443 0.0114713 15.3678
920 0.000907494 24.7597 0.0110688 15.4082
925 0.000866391 24.877 0.0106631 15.4806
930 0.000826533 25.0849 0.0102629 15.5313
935 0.000789573 25.2885 0.0098874 15.6066
940 0.000753768 25.4768 0.00952142 15.6055
945 0.000719675 25.6582 0.00916636 15.6849
950 0.000687022 25.8341 0.00883465 15.7177
955 0.000656279 26.0372 0.00851073 15.8094
960 0.000626876 26.2059 0.00820884 15.844
965 0.000598955 26.3653 0.00791403 15.9216
970 0.000571551 26.5169 0.00763112 15.9742
975 0.000546728 26.7985 0.00735655 16.0548
980 0.000522495 26.9218 0.00710317 16.0626
985 0.000499017 27.1036 0.00684867 16.144
990 0.000476255 27.3032 0.00660695 16.1813
995 0.000455959 27.4544 0.00637546 16.2158
1000 0.000435488 27.6595 0.00615134 16.2953
